For n = 10:
Cond: 36.6667
answers: 0.0445923 ; 0.0792045 ; 0.103879 ; 0.118662 ; 0.123586 ; 0.118662 ; 0.103879 ; 0.0792045 ; 0.0445923 ;
epsilon: -2.00866e-07 ; -3.93601e-07 ; -5.58037e-07 ; -6.69879e-07 ; -7.09637e-07 ; -6.69879e-07 ; -5.58037e-07 ; -3.93601e-07 ; -2.00866e-07 ; 

For n = 20:
Cond: 125.473
answers: 0.0235461 ; 0.0445936 ; 0.0631461 ; 0.0792085 ; 0.0927867 ; 0.103886 ; 0.112513 ; 0.118671 ; 0.122365 ; 0.123596 ; 0.122365 ; 0.118671 ; 0.112513 ; 0.103886 ; 0.0927868 ; 0.0792087 ; 0.0631462 ; 0.0445937 ; 0.0235462 ;
epsilon: -1.8408e-07 ; -3.6841e-07 ; -5.53691e-07 ; -7.40995e-07 ; -9.31693e-07 ; -1.12739e-06 ; -1.32987e-06 ; -1.541e-06 ; -1.76271e-06 ; -1.9969e-06 ; -2.24536e-06 ; -2.39106e-06 ; -2.4268e-06 ; -2.35005e-06 ; -2.16317e-06 ; -1.87352e-06 ; -1.49335e-06 ; -1.03963e-06 ; -5.3357e-07 ;
