For n = 10:

Cond: 36.6667
answers: 0.134443 ; 0.259066 ; 0.37436 ; 0.481056 ; 0.580066 ; 0.672441 ; 0.759337 ; 0.842 ; 0.921752 ; 
epsilon: 3.43941e-07 ; 6.80172e-07 ; 9.87026e-07 ; 1.23227e-06 ; 1.37868e-06 ; 1.39173e-06 ; 1.2487e-06 ; 9.47506e-07 ; 5.13217e-07 ; 
For n = 20:

Cond: 125.473
answers: 0.0684414 ; 0.134394 ; 0.197893 ; 0.258989 ; 0.317753 ; 0.374269 ; 0.428635 ; 0.480961 ; 0.531365 ; 0.579975 ; 0.626926 ; 0.672359 ; 0.716423 ; 0.75927 ; 0.801058 ; 0.84195 ; 0.882114 ; 0.921724 ; 0.960958 ; 
epsilon: 2.03629e-07 ; 4.05589e-07 ; 6.01025e-07 ; 7.82217e-07 ; 9.39133e-07 ; 1.06025e-06 ; 1.13366e-06 ; 1.14849e-06 ; 1.09642e-06 ; 9.7325e-07 ; 7.8022e-07 ; 6.28188e-07 ; 5.06371e-07 ; 4.06562e-07 ; 3.22425e-07 ; 2.49034e-07 ; 1.82581e-07 ; 1.20185e-07 ; 5.97717e-08 ; 
