p4 = 10.000000 
x11 = -0.000036 x12 = 0.000053 
x22 = 1.179783 x32 = 0.000005 p6 = 36.582517 
check = 0.000000 
x23 = 0.587685 x33 = 0.036878 p6 = 92614.526489 
check = -0.000000 

